{"1": [[1.0, 0.0, 0.0, 0.0], [0.0, 1.0, 0.0, 0.0], [0.0, 0.0, 1.0, 0.0], [0.0, 0.0, 0.0, 1.0]], "2": [[1.0, 0.0, 0.0, 0.0], [0.0, 1.0, 0.0, 0.0], [0.0, 0.0, 1.0, 0.0], [0.0, 0.0, 0.0, 1.0]], "3": [[1.0, 0.0, 0.0, 0.0], [0.0, 1.0, 0.0, 0.0], [0.0, 0.0, 1.0, 0.0], [0.0, 0.0, 0.0, 1.0]], "4": [[1.0, 0.0, 0.0, 0.0], [0.0, 1.0, 0.0, 0.0], [0.0, 0.0, 1.0, 0.0], [0.0, 0.0, 0.0, 1.0]], "5": [[1.0, 0.0, 0.0, 0.0], [0.0, 1.0, 0.0, 0.0], [0.0, 0.0, 1.0, 0.0], [0.0, 0.0, 0.0, 1.0]], "6": [[1.0, 0.0, 0.0, 0.0], [0.0, 1.0, 0.0, 0.0], [0.0, 0.0, 1.0, 0.0], [0.0, 0.0, 0.0, 1.0]], "7": [[1.0, 0.0, 0.0, 0.0], [0.0, 1.0, 0.0, 0.0], [0.0, 0.0, 1.0, 0.0], [0.0, 0.0, 0.0, 1.0]], "8": [[1.0, 0.0, 0.0, 0.0], [0.0, 1.0, 0.0, 0.0], [0.0, 0.0, 1.0, 0.0], [0.0, 0.0, 0.0, 1.0]], "9": [[1.0, 0.0, 0.0, 0.0], [0.0, 1.0, 0.0, 0.0], [0.0, 0.0, 1.0, 0.0], [0.0, 0.0, 0.0, 1.0]], "10": [[1.0, 0.0, 0.0, 0.0], [0.0, 1.0, 0.0, 0.0], [0.0, 0.0, 1.0, 0.0], [0.0, 0.0, 0.0, 1.0]], "11": [[1.0, 0.0, 0.0, 0.0], [0.0, 1.0, 0.0, 0.0], [0.0, 0.0, 1.0, 0.0], [0.0, 0.0, 0.0, 1.0]], "12": [[1.0, 0.0, 0.0, 0.0], [0.0, 1.0, 0.0, 0.0], [0.0, 0.0, 1.0, 0.0], [0.0, 0.0, 0.0, 1.0]], "13": [[1.2609726190567017, 0.22086340188980103, 0.026493851095438004, 0.0], [-0.22244678437709808, 1.251993179321289, 0.15021590888500214, 0.0], [5.526598215510603e-06, -0.15253441035747528, 1.2713251113891602, 0.0], [0.0, 0.0, 0.0, 1.0]], "14": [[1.550891637802124, 0.5604821443557739, 0.06828586012125015, 0.0], [-0.5604821443557739, 1.504067063331604, 0.3843306303024292, 0.0], [0.0682857483625412, -0.3843306601047516, 1.603650689125061, 0.0], [0.0, 0.0, 0.0, 1.0]], "15": [[1.6806749105453491, 0.607384979724884, 0.07400023192167282, 0.0], [-0.6073849201202393, 1.6299316883087158, 0.4164925217628479, 0.0], [0.07400010526180267, -0.4164925813674927, 1.7378488779067993, 0.0], [0.0, 0.0, 0.0, 1.0]], "16": [[1.7473201751708984, 0.6314701437950134, 0.07693462073802948, 0.0], [-0.6314700841903687, 1.6945648193359375, 0.433008074760437, 0.0], [0.07693449407815933, -0.4330081045627594, 1.8067612648010254, 0.0], [0.0, 0.0, 0.0, 1.0]], "17": [[1.7718735933303833, 0.6403435468673706, 0.07801570743322372, 0.0], [-0.6403435468673706, 1.7183769941329956, 0.4390926957130432, 0.0], [0.07801557332277298, -0.439092755317688, 1.8321499824523926, 0.0], [0.0, 0.0, 0.0, 1.0]], "18": [[1.7753814458847046, 0.6416113376617432, 0.07817016541957855, 0.0], [-0.6416112184524536, 1.7217788696289062, 0.4399619698524475, 0.0], [0.07817003130912781, -0.4399620592594147, 1.8357771635055542, 0.0], [0.0, 0.0, 0.0, 1.0]], "19": [[1.7753814458847046, 0.6416113376617432, 0.07817016541957855, 0.0], [-0.6416112184524536, 1.7217788696289062, 0.4399619698524475, 0.0], [0.07817003130912781, -0.4399620592594147, 1.8357771635055542, 0.0], [0.0, 0.0, 0.0, 1.0]], "20": [[1.7753814458847046, 0.6416113376617432, 0.07817016541957855, 0.0], [-0.6416112184524536, 1.7217788696289062, 0.4399619698524475, 0.0], [0.07817003130912781, -0.4399620592594147, 1.8357771635055542, 0.0], [0.0, 0.0, 0.0, 1.0]], "21": [[1.7753814458847046, 0.6416113376617432, 0.07817016541957855, 0.0], [-0.6416112184524536, 1.7217788696289062, 0.4399619698524475, 0.0], [0.07817003130912781, -0.4399620592594147, 1.8357771635055542, 0.0], [0.0, 0.0, 0.0, 1.0]], "22": [[1.7753814458847046, 0.6416113376617432, 0.07817016541957855, 0.0], [-0.6416112184524536, 1.7217788696289062, 0.4399619698524475, 0.0], [0.07817003130912781, -0.4399620592594147, 1.8357771635055542, 0.0], [0.0, 0.0, 0.0, 1.0]], "23": [[1.7753814458847046, 0.6416113376617432, 0.07817016541957855, 0.0], [-0.6416112184524536, 1.7217788696289062, 0.4399619698524475, 0.0], [0.07817003130912781, -0.4399620592594147, 1.8357771635055542, 0.0], [0.0, 0.0, 0.0, 1.0]], "24": [[1.7753814458847046, 0.6416113376617432, 0.07817016541957855, 0.0], [-0.6416112184524536, 1.7217788696289062, 0.4399619698524475, 0.0], [0.07817003130912781, -0.4399620592594147, 1.8357771635055542, 0.0], [0.0, 0.0, 0.0, 1.0]], "25": [[1.7753814458847046, 0.6416113376617432, 0.07817016541957855, 0.0], [-0.6416112184524536, 1.7217788696289062, 0.4399619698524475, 0.0], [0.07817003130912781, -0.4399620592594147, 1.8357771635055542, 0.0], [0.0, 0.0, 0.0, 1.0]], "26": [[1.7753814458847046, 0.6416113376617432, 0.07817016541957855, 0.0], [-0.6416112184524536, 1.7217788696289062, 0.4399619698524475, 0.0], [0.07817003130912781, -0.4399620592594147, 1.8357771635055542, 0.0], [0.0, 0.0, 0.0, 1.0]], "27": [[1.7753814458847046, 0.6416113376617432, 0.07817016541957855, 0.0], [-0.6416112184524536, 1.7217788696289062, 0.4399619698524475, 0.0], [0.07817003130912781, -0.4399620592594147, 1.8357771635055542, 0.0], [0.0, 0.0, 0.0, 1.0]], "28": [[1.7753814458847046, 0.6416113376617432, 0.07817016541957855, 0.0], [-0.6416112184524536, 1.7217788696289062, 0.4399619698524475, 0.0], [0.07817003130912781, -0.4399620592594147, 1.8357771635055542, 0.0], [0.0, 0.0, 0.0, 1.0]], "29": [[1.7753814458847046, 0.6416113376617432, 0.07817016541957855, 0.0], [-0.6416112184524536, 1.7217788696289062, 0.4399619698524475, 0.0], [0.07817003130912781, -0.4399620592594147, 1.8357771635055542, 0.0], [0.0, 0.0, 0.0, 1.0]], "30": [[1.7753814458847046, 0.6416113376617432, 0.07817016541957855, 0.0], [-0.6416112184524536, 1.7217788696289062, 0.4399619698524475, 0.0], [0.07817003130912781, -0.4399620592594147, 1.8357771635055542, 0.0], [0.0, 0.0, 0.0, 1.0]], "31": [[1.7753814458847046, 0.6416113376617432, 0.07817016541957855, 0.0], [-0.6416112184524536, 1.7217788696289062, 0.4399619698524475, 0.0], [0.07817003130912781, -0.4399620592594147, 1.8357771635055542, 0.0], [0.0, 0.0, 0.0, 1.0]], "32": [[1.7753814458847046, 0.6416113376617432, 0.07817016541957855, 0.0], [-0.6416112184524536, 1.7217788696289062, 0.4399619698524475, 0.0], [0.07817003130912781, -0.4399620592594147, 1.8357771635055542, 0.0], [0.0, 0.0, 0.0, 1.0]], "33": [[1.7753814458847046, 0.6416113376617432, 0.07817016541957855, 0.0], [-0.6416112184524536, 1.7217788696289062, 0.4399619698524475, 0.0], [0.07817003130912781, -0.4399620592594147, 1.8357771635055542, 0.0], [0.0, 0.0, 0.0, 1.0]], "34": [[1.7753814458847046, 0.6416113376617432, 0.07817016541957855, 0.0], [-0.6416112184524536, 1.7217788696289062, 0.4399619698524475, 0.0], [0.07817003130912781, -0.4399620592594147, 1.8357771635055542, 0.0], [0.0, 0.0, 0.0, 1.0]], "35": [[1.7753814458847046, 0.6416113376617432, 0.07817016541957855, 0.0], [-0.6416112184524536, 1.7217788696289062, 0.4399619698524475, 0.0], [0.07817003130912781, -0.4399620592594147, 1.8357771635055542, 0.0], [0.0, 0.0, 0.0, 1.0]], "36": [[1.7753814458847046, 0.6416113376617432, 0.07817016541957855, 0.0], [-0.6416112184524536, 1.7217788696289062, 0.4399619698524475, 0.0], [0.07817003130912781, -0.4399620592594147, 1.8357771635055542, 0.0], [0.0, 0.0, 0.0, 1.0]], "37": [[1.7753814458847046, 0.6416113376617432, 0.07817016541957855, 0.0], [-0.6416112184524536, 1.7217788696289062, 0.4399619698524475, 0.0], [0.07817003130912781, -0.4399620592594147, 1.8357771635055542, 0.0], [0.0, 0.0, 0.0, 1.0]], "38": [[1.7753814458847046, 0.6416113376617432, 0.07817016541957855, 0.0], [-0.6416112184524536, 1.7217788696289062, 0.4399619698524475, 0.0], [0.07817003130912781, -0.4399620592594147, 1.8357771635055542, 0.0], [0.0, 0.0, 0.0, 1.0]], "39": [[1.7753814458847046, 0.6416113376617432, 0.07817016541957855, 0.0], [-0.6418687105178833, 1.7232388257980347, 0.43382811546325684, 0.0], [0.07602664083242416, -0.4342089295387268, 1.8372364044189453, 0.0], [0.0, 0.0, 0.0, 1.0]], "40": [[1.7753814458847046, 0.6416113376617432, 0.07817016541957855, 0.0], [-0.6425644159317017, 1.7273001670837402, 0.41629230976104736, 0.0], [0.0699036568403244, -0.4177599847316742, 1.8412889242172241, 0.0], [0.0, 0.0, 0.0, 1.0]], "41": [[1.7753814458847046, 0.6416113376617432, 0.07817016541957855, 0.0], [-0.6435405611991882, 1.7333717346191406, 0.38862815499305725, 0.0], [0.06025803089141846, -0.39180535078048706, 1.8473256826400757, 0.0], [0.0, 0.0, 0.0, 1.0]], "42": [[1.7753814458847046, 0.6416113376617432, 0.07817016541957855, 0.0], [-0.6446044445037842, 1.7407664060592651, 0.3520957827568054, 0.0], [0.047546111047267914, -0.3575212061405182, 1.85463547706604, 0.0], [0.0, 0.0, 0.0, 1.0]], "43": [[1.7753814458847046, 0.6416113376617432, 0.07817016541957855, 0.0], [-0.6455516219139099, 1.748763918876648, 0.3079640567302704, 0.0], [0.032228607684373856, -0.3160914182662964, 1.8624720573425293, 0.0], [0.0, 0.0, 0.0, 1.0]], "44": [[1.7753814458847046, 0.6416113376617432, 0.07817016541957855, 0.0], [-0.6461867094039917, 1.7566663026809692, 0.25752755999565125, 0.0], [0.014774005860090256, -0.26872432231903076, 1.8701132535934448, 0.0], [0.0, 0.0, 0.0, 1.0]], "45": [[1.7753814458847046, 0.6416113376617432, 0.07817016541957855, 0.0], [-0.6463409662246704, 1.7638442516326904, 0.20211656391620636, 0.0], [-0.004339899867773056, -0.21666300296783447, 1.8769105672836304, 0.0], [0.0, 0.0, 0.0, 1.0]], "46": [[1.7753814458847046, 0.6416113376617432, 0.07817016541957855, 0.0], [-0.645886242389679, 1.7697761058807373, 0.1430998593568802, 0.0], [-0.0246267132461071, -0.16118831932544708, 1.882330060005188, 0.0], [0.0, 0.0, 0.0, 1.0]], "47": [[1.7753814458847046, 0.6416113376617432, 0.07817016541957855, 0.0], [-0.6447454690933228, 1.7740780115127563, 0.0818806141614914, 0.0], [-0.04559404402971268, -0.10361561179161072, 1.8859851360321045, 0.0], [0.0, 0.0, 0.0, 1.0]], "48": [[1.7753814458847046, 0.6416113376617432, 0.07817016541957855, 0.0], [-0.6428998708724976, 1.7765241861343384, 0.01988718844950199, 0.0], [-0.0667475014925003, -0.04528627172112465, 1.8876569271087646, 0.0], [0.0, 0.0, 0.0, 1.0]], "49": [[1.7753814458847046, 0.6416113376617432, 0.07817016541957855, 0.0], [-0.6403924822807312, 1.7770577669143677, -0.041440024971961975, 0.0], [-0.08759558200836182, 0.01244443841278553, 1.887306809425354, 0.0], [0.0, 0.0, 0.0, 1.0]], "50": [[1.7753814458847046, 0.6416113376617432, 0.07817016541957855, 0.0], [-0.6373271942138672, 1.7757914066314697, -0.10066301375627518, 0.0], [-0.1076546311378479, 0.06822096556425095, 1.8850759267807007, 0.0], [0.0, 0.0, 0.0, 1.0]], "51": [[1.7753814458847046, 0.6416113376617432, 0.07817016541957855, 0.0], [-0.633865237236023, 1.7729976177215576, -0.15635988116264343, 0.0], [-0.12645305693149567, 0.12070053815841675, 1.8812750577926636, 0.0], [0.0, 0.0, 0.0, 1.0]], "52": [[1.7753814458847046, 0.6416113376617432, 0.07817016541957855, 0.0], [-0.6302170753479004, 1.7690889835357666, -0.20713484287261963, 0.0], [-0.14353393018245697, 0.1685628741979599, 1.8763633966445923, 0.0], [0.0, 0.0, 0.0, 1.0]], "53": [[1.7753814458847046, 0.6416113376617432, 0.07817016541957855, 0.0], [-0.6266316175460815, 1.7645882368087769, -0.25162485241889954, 0.0], [-0.1584560126066208, 0.21051684021949768, 1.870916724205017, 0.0], [0.0, 0.0, 0.0, 1.0]], "54": [[1.7753814458847046, 0.6416113376617432, 0.07817016541957855, 0.0], [-0.6233825087547302, 1.7600899934768677, -0.2884981334209442, 0.0], [-0.1707916557788849, 0.2452998012304306, 1.865586519241333, 0.0], [0.0, 0.0, 0.0, 1.0]], "55": [[1.7753814458847046, 0.6416113376617432, 0.07817016541957855, 0.0], [-0.6207506656646729, 1.7562129497528076, -0.31644728779792786, 0.0], [-0.18012244999408722, 0.27167150378227234, 1.8610495328903198, 0.0], [0.0, 0.0, 0.0, 1.0]], "56": [[1.7753814458847046, 0.6416113376617432, 0.07817016541957855, 0.0], [-0.6190052628517151, 1.7535430192947388, -0.3341759145259857, 0.0], [-0.18603241443634033, 0.28840261697769165, 1.8579479455947876, 0.0], [0.0, 0.0, 0.0, 1.0]], "57": [[1.7753814458847046, 0.6416113376617432, 0.07817014306783676, 0.0], [-0.6183804273605347, 1.7525699138641357, -0.34037965536117554, 0.0], [-0.18809884786605835, 0.29425790905952454, 1.8568215370178223, 0.0], [0.0, 0.0, 0.0, 1.0]], "58": [[1.7753814458847046, 0.6416113376617432, 0.07817014306783676, 0.0], [-0.6249154210090637, 1.7622557878494263, -0.2714582085609436, 0.0], [-0.16509465873241425, 0.2292245477437973, 1.8681421279907227, 0.0], [0.0, 0.0, 0.0, 1.0]], "59": [[1.7753814458847046, 0.6416113376617432, 0.07817014306783676, 0.0], [-0.6388242840766907, 1.7765952348709106, -0.07326062768697739, 0.0], [-0.09838233143091202, 0.042410001158714294, 1.8863396644592285, 0.0], [0.0, 0.0, 0.0, 1.0]], "60": [[1.7753814458847046, 0.6416113376617432, 0.07817014306783676, 0.0], [-0.6463020443916321, 1.7592618465423584, 0.2388419657945633, 0.0], [0.008321231231093407, -0.25117093324661255, 1.872591495513916, 0.0], [0.0, 0.0, 0.0, 1.0]], "61": [[1.7753814458847046, 0.6416113376617432, 0.07817014306783676, 0.0], [-0.6292654275894165, 1.663554310798645, 0.6374684572219849, 0.0], [0.14764989912509918, -0.6250409483909607, 1.7768731117248535, 0.0], [0.0, 0.0, 0.0, 1.0]], "62": [[1.7753814458847046, 0.6416113376617432, 0.07817014306783676, 0.0], [-0.569783627986908, 1.4456883668899536, 1.0747491121292114, 0.0], [0.30515924096107483, -1.0334769487380981, 1.5519530773162842, 0.0], [0.0, 0.0, 0.0, 1.0]], "63": [[1.7753814458847046, 0.6416113376617432, 0.07817014306783676, 0.0], [-0.4557250738143921, 1.0805383920669556, 1.4813863039016724, 0.0], [0.45835599303245544, -1.4108601808547974, 1.1701018810272217, 0.0], [0.0, 0.0, 0.0, 1.0]], "64": [[1.7753814458847046, 0.6416113376617432, 0.07817014306783676, 0.0], [-0.28629520535469055, 0.5757476687431335, 1.7765989303588867, 0.0], [0.5794917345046997, -1.6812509298324585, 0.6382318139076233, 0.0], [0.0, 0.0, 0.0, 1.0]], "65": [[1.7753814458847046, 0.6416113376617432, 0.07817014306783676, 0.0], [-0.0750909298658371, -0.022211425006389618, 1.8877557516098022, 0.0], [0.641978919506073, -1.7769627571105957, 0.0046287341974675655, 0.0], [0.0, 0.0, 0.0, 1.0]], "66": [[1.7753814458847046, 0.6416113376617432, 0.07817014306783676, 0.0], [0.15144099295139313, -0.6350589394569397, 1.7729973793029785, 0.0], [0.6283639073371887, -1.659756064414978, -0.6481695771217346, 0.0], [0.0, 0.0, 0.0, 1.0]], "67": [[1.7753814458847046, 0.6416113376617432, 0.07817014306783676, 0.0], [0.36049649119377136, -1.1725878715515137, 1.436953067779541, 0.0], [0.5364866256713867, -1.3353379964828491, -1.2242587804794312, 0.0], [0.0, 0.0, 0.0, 1.0]], "68": [[1.7753814458847046, 0.6416113376617432, 0.07817014306783676, 0.0], [0.5222572088241577, -1.5586117506027222, 0.9315207004547119, 0.0], [0.38081878423690796, -0.853708803653717, -1.6419236660003662, 0.0], [0.0, 0.0, 0.0, 1.0]], "69": [[1.7753814458847046, 0.6416113376617432, 0.07817015051841736, 0.0], [0.6183804273605347, -1.7525700330734253, 0.34037941694259644, 0.0], [0.18809878826141357, -0.2942577302455902, -1.8568215370178223, 0.0], [0.0, 0.0, 0.0, 1.0]], "70": [[1.765995979309082, 0.6382194757461548, 0.07775691151618958, 0.0], [0.6428294777870178, -1.7485473155975342, -0.24791944026947021, 0.0], [-0.011847131885588169, 0.2595570385456085, -1.8613440990447998, 0.0], [0.0, 0.0, 0.0, 1.0]], "71": [[1.739471673965454, 0.6286337375640869, 0.07658904045820236, 0.0], [0.6029512286186218, -1.5755479335784912, -0.7621718645095825, 0.0], [-0.1936388462781906, 0.7411314845085144, -1.6852407455444336, 0.0], [0.0, 0.0, 0.0, 1.0]], "72": [[1.6982570886611938, 0.6137390732765198, 0.0747743621468544, 0.0], [0.516179621219635, -1.2870979309082031, -1.1589998006820679, 0.0], [-0.34033122658729553, 1.110426425933838, -1.3847280740737915, 0.0], [0.0, 0.0, 0.0, 1.0]], "73": [[1.6448006629943848, 0.5944202542304993, 0.07242066413164139, 0.0], [0.40141013264656067, -0.937393844127655, -1.4227125644683838, 0.0], [-0.44435346126556396, 1.3534793853759766, -1.0171494483947754, 0.0], [0.0, 0.0, 0.0, 1.0]], "74": [[1.5815504789352417, 0.5715620517730713, 0.06963575631380081, 0.0], [0.27561450004577637, -0.5727698802947998, -1.5584622621536255, 0.0], [-0.505538284778595, 1.4758338928222656, -0.6318066120147705, 0.0], [0.0, 0.0, 0.0, 1.0]], "75": [[1.5109552145004272, 0.5460493564605713, 0.06652744114398956, 0.0], [0.15206658840179443, -0.2277340590953827, -1.5844852924346924, 0.0], [-0.52865070104599, 1.4951751232147217, -0.2656335234642029, 0.0], [0.0, 0.0, 0.0, 1.0]], "76": [[1.4354630708694458, 0.5187670588493347, 0.06320352852344513, 0.0], [0.03982102498412132, 0.07563897222280502, -1.5252411365509033, 0.0], [-0.521083652973175, 1.434861660003662, 0.05755244940519333, 0.0], [0.0, 0.0, 0.0, 1.0]], "77": [[1.3575226068496704, 0.4905998408794403, 0.05977179855108261, 0.0], [-0.05599284544587135, 0.326265424489975, -1.4062517881393433, 0.0], [-0.4910454750061035, 1.319087266921997, 0.32559433579444885, 0.0], [0.0, 0.0, 0.0, 1.0]], "78": [[1.2795822620391846, 0.4624326825141907, 0.05634007975459099, 0.0], [-0.1334664523601532, 0.5216944217681885, -1.250747799873352, 0.0], [-0.4463237226009369, 1.1697605848312378, 0.5355409979820251, 0.0], [0.0, 0.0, 0.0, 1.0]], "79": [[1.2040899991989136, 0.4351503252983093, 0.05301615595817566, 0.0], [-0.19306352734565735, 0.6655398607254028, -1.0778601169586182, 0.0], [-0.3935644328594208, 1.004838466644287, 0.6909457445144653, 0.0], [0.0, 0.0, 0.0, 1.0]], "80": [[1.1334947347640991, 0.40963760018348694, 0.04990783706307411, 0.0], [-0.236821249127388, 0.7651880979537964, -0.9019461274147034, 0.0], [-0.33794888854026794, 0.837727963924408, 0.7994412779808044, 0.0], [0.0, 0.0, 0.0, 1.0]], "81": [[1.0702444314956665, 0.38677939772605896, 0.04712292551994324, 0.0], [-0.26767608523368835, 0.8299405574798584, -0.7326597571372986, 0.0], [-0.28314024209976196, 0.6773791313171387, 0.8707647919654846, 0.0], [0.0, 0.0, 0.0, 1.0]], "82": [[1.0167878866195679, 0.36746054887771606, 0.04476923123002052, 0.0], [-0.28894856572151184, 0.8696463704109192, -0.5754241943359375, 0.0], [-0.2313876450061798, 0.528750479221344, 0.9152987599372864, 0.0], [0.0, 0.0, 0.0, 1.0]], "83": [[0.9755735993385315, 0.3525659739971161, 0.04295456409454346, 0.0], [-0.3039756715297699, 0.893761396408081, -0.4320656955242157, 0.0], [-0.1837024986743927, 0.3934200406074524, 0.9430619478225708, 0.0], [0.0, 0.0, 0.0, 1.0]], "84": [[0.949049174785614, 0.34298020601272583, 0.041786693036556244, 0.0], [-0.3158574402332306, 0.9107280969619751, -0.30147069692611694, 0.0], [-0.14005587995052338, 0.27021294832229614, 0.9630395770072937, 0.0], [0.0, 0.0, 0.0, 1.0]], "85": [[0.9396637678146362, 0.33958837389945984, 0.04137345403432846, 0.0], [-0.32729291915893555, 0.9275903701782227, -0.18015402555465698, 0.0], [-0.09955582767724991, 0.15574295818805695, 0.9827679395675659, 0.0], [0.0, 0.0, 0.0, 1.0]], "86": [[0.9396637678146362, 0.33958837389945984, 0.04137345403432846, 0.0], [-0.33675339818000793, 0.939487099647522, -0.06293725967407227, 0.0], [-0.06024258956313133, 0.04520721361041069, 0.9971595406532288, 0.0], [0.0, 0.0, 0.0, 1.0]], "87": [[0.9396637678146362, 0.33958837389945984, 0.04137345403432846, 0.0], [-0.34136006236076355, 0.9386975169181824, 0.048169415444135666, 0.0], [-0.022479385137557983, -0.059386301785707474, 0.9979819655418396, 0.0], [0.0, 0.0, 0.0, 1.0]], "88": [[0.9396637678146362, 0.33958837389945984, 0.04137345403432846, 0.0], [-0.34189677238464355, 0.928051769733429, 0.1477377861738205, 0.0], [0.011773326434195042, -0.15296930074691772, 0.9881607890129089, 0.0], [0.0, 0.0, 0.0, 1.0]], "89": [[0.9396637678146362, 0.33958837389945984, 0.04137345403432846, 0.0], [-0.3396621644496918, 0.9117103815078735, 0.23111416399478912, 0.0], [0.04076307266950607, -0.23122259974479675, 0.9720465540885925, 0.0], [0.0, 0.0, 0.0, 1.0]], "90": [[0.9396637678146362, 0.33958837389945984, 0.04137345403432846, 0.0], [-0.33624833822250366, 0.8945408463478088, 0.2945059537887573, 0.0], [0.06300055235624313, -0.29064834117889404, 0.9547536373138428, 0.0], [0.0, 0.0, 0.0, 1.0]], "91": [[0.9396637678146362, 0.33958837389945984, 0.04137345403432846, 0.0], [-0.3332713544368744, 0.8813984990119934, 0.3347640037536621, 0.0], [0.07721546292304993, -0.3283541798591614, 0.941393256187439, 0.0], [0.0, 0.0, 0.0, 1.0]], "92": [[0.9396637678146362, 0.33958837389945984, 0.041373442858457565, 0.0], [-0.33207082748413086, 0.8763540387153625, 0.3489019572734833, 0.0], [0.0822252556681633, -0.34158942103385925, 0.9362455010414124, 0.0], [0.0, 0.0, 0.0, 1.0]], "93": [[0.9396637678146362, 0.33958837389945984, 0.041373442858457565, 0.0], [-0.33207082748413086, 0.8763540387153625, 0.3489019572734833, 0.0], [0.0822252556681633, -0.34158942103385925, 0.9362455010414124, 0.0], [0.0, 0.0, 0.0, 1.0]], "94": [[0.9396637678146362, 0.33958837389945984, 0.041373442858457565, 0.0], [-0.33207082748413086, 0.8763540387153625, 0.3489019572734833, 0.0], [0.0822252556681633, -0.34158942103385925, 0.9362455010414124, 0.0], [0.0, 0.0, 0.0, 1.0]], "95": [[0.9396637678146362, 0.33958837389945984, 0.041373442858457565, 0.0], [-0.33207082748413086, 0.8763540387153625, 0.3489019572734833, 0.0], [0.0822252556681633, -0.34158942103385925, 0.9362455010414124, 0.0], [0.0, 0.0, 0.0, 1.0]]}